Kp_pr =0.9028;


ki_pr  = 422.4716;


wc_pr = 1.7084*0.8;


k =   0.2909;

ans = 0.9183


ans = 677.0755


ans =

    2.8471


ans =

    0.5700




 =

    0.9063


ans =

  190.4258

  %Filter 
  ans =

    0.0244


ans =

    0.1145

    %2nd time 
    ans =

    0.0251


ans =

    0.1198

    R_f = 0.249593207052694;